### Correlation Matrix ###
                   tempmax   tempmin      temp  feelslikemax  feelslikemin  feelslike       dew  humidity    precip  precipprob  precipcover  snow  snowdepth  windgust  windspeed   winddir  sealevelpressure  cloudcover  visibility  solarradiation  solarenergy   uvindex  severerisk  moonphase
tempmax           1.000000  0.866979  0.964896      0.947289      0.832840   0.929524  0.777431 -0.238113 -0.055317   -0.141634    -0.012946   NaN        NaN  0.048590   0.133824  0.109555               NaN   -0.387009    0.476033        0.585816     0.585455  0.539212    0.584907  -0.000565
tempmin           0.866979  1.000000  0.951407      0.875986      0.963025   0.924991  0.893908 -0.002271  0.048404    0.059807     0.069099   NaN        NaN  0.114805   0.150302  0.115369               NaN   -0.095898    0.404909        0.385237     0.384929  0.347347    0.523265   0.003113
temp              0.964896  0.951407  1.000000      0.939745      0.915879   0.969204  0.857633 -0.154194 -0.010776   -0.057681     0.013823   NaN        NaN  0.073387   0.132845  0.104110               NaN   -0.271617    0.462949        0.515783     0.515428  0.468770    0.571342   0.001291
feelslikemax      0.947289  0.875986  0.939745      1.000000      0.848284   0.960352  0.843205 -0.074032 -0.024473   -0.067693     0.023445   NaN        NaN  0.059594   0.155638  0.115945               NaN   -0.273690    0.473021        0.509226     0.508732  0.460292    0.690465   0.002425
feelslikemin      0.832840  0.963025  0.915879      0.848284      1.000000   0.925253  0.829289 -0.060990  0.021862    0.048467     0.053136   NaN        NaN  0.082521   0.131391  0.102096               NaN   -0.109627    0.394662        0.391621     0.391316  0.344817    0.536114   0.003623
feelslike         0.929524  0.924991  0.969204      0.960352      0.925253   1.000000  0.842422 -0.131880 -0.028545   -0.030398     0.015849   NaN        NaN  0.050791   0.127550  0.095400               NaN   -0.247254    0.472706        0.496548     0.496078  0.441294    0.662795   0.003322
dew               0.777431  0.893908  0.857633      0.843205      0.829289   0.842422  1.000000  0.372905  0.119937    0.125795     0.128805   NaN        NaN  0.115698   0.133905  0.135027               NaN    0.012384    0.260780        0.277232     0.276841  0.247479    0.546240  -0.001673
humidity         -0.238113 -0.002271 -0.154194     -0.074032     -0.060990  -0.131880  0.372905  1.000000  0.271397    0.340025     0.225564   NaN        NaN  0.094317   0.014303  0.076375               NaN    0.500573   -0.347912       -0.386850    -0.386959 -0.360166    0.149310  -0.005558
precip           -0.055317  0.048404 -0.010776     -0.024473      0.021862  -0.028545  0.119937  0.271397  1.000000    0.248382     0.185247   NaN        NaN  0.220596   0.134102  0.052870               NaN    0.203499   -0.121812       -0.232881    -0.232806 -0.225078   -0.062493  -0.010293
precipprob       -0.141634  0.059807 -0.057681     -0.067693      0.048467  -0.030398  0.125795  0.340025  0.248382    1.000000     0.487133   NaN        NaN  0.193627   0.043577  0.056855               NaN    0.358696   -0.118178       -0.391432    -0.391452 -0.367460    0.139544  -0.002945
precipcover      -0.012946  0.069099  0.013823      0.023445      0.053136   0.015849  0.128805  0.225564  0.185247    0.487133     1.000000   NaN        NaN  0.172430   0.084361  0.081522               NaN    0.163160   -0.040255       -0.226971    -0.226851 -0.239384    0.002628  -0.000325
snow                   NaN       NaN       NaN           NaN           NaN        NaN       NaN       NaN       NaN         NaN          NaN   NaN        NaN       NaN        NaN       NaN               NaN         NaN         NaN             NaN          NaN       NaN         NaN        NaN
snowdepth              NaN       NaN       NaN           NaN           NaN        NaN       NaN       NaN       NaN         NaN          NaN   NaN        NaN       NaN        NaN       NaN               NaN         NaN         NaN             NaN          NaN       NaN         NaN        NaN
windgust          0.048590  0.114805  0.073387      0.059594      0.082521   0.050791  0.115698  0.094317  0.220596    0.193627     0.172430   NaN        NaN  1.000000   0.580384  0.118929               NaN    0.185534    0.002694       -0.080656    -0.080560 -0.070622   -0.004087  -0.021097
windspeed         0.133824  0.150302  0.132845      0.155638      0.131391   0.127550  0.133905  0.014303  0.134102    0.043577     0.084361   NaN        NaN  0.580384   1.000000  0.000245               NaN    0.120847    0.144375        0.026502     0.026714  0.017198    0.135242  -0.003062
winddir           0.109555  0.115369  0.104110      0.115945      0.102096   0.095400  0.135027  0.076375  0.052870    0.056855     0.081522   NaN        NaN  0.118929   0.000245  1.000000               NaN    0.036503    0.058440       -0.037743    -0.037577 -0.034860    0.061615   0.005055
sealevelpressure       NaN       NaN       NaN           NaN           NaN        NaN       NaN       NaN       NaN         NaN          NaN   NaN        NaN       NaN        NaN       NaN               NaN         NaN         NaN             NaN          NaN       NaN         NaN        NaN
cloudcover       -0.387009 -0.095898 -0.271617     -0.273690     -0.109627  -0.247254  0.012384  0.500573  0.203499    0.358696     0.163160   NaN        NaN  0.185534   0.120847  0.036503               NaN    1.000000   -0.149085       -0.564089    -0.563836 -0.548790   -0.183269   0.000335
visibility        0.476033  0.404909  0.462949      0.473021      0.394662   0.472706  0.260780 -0.347912 -0.121812   -0.118178    -0.040255   NaN        NaN  0.002694   0.144375  0.058440               NaN   -0.149085    1.000000        0.273429     0.273591  0.235662    0.217302  -0.011054
solarradiation    0.585816  0.385237  0.515783      0.509226      0.391621   0.496548  0.277232 -0.386850 -0.232881   -0.391432    -0.226971   NaN        NaN -0.080656   0.026502 -0.037743               NaN   -0.564089    0.273429        1.000000     0.999856  0.959820    0.441818   0.006946
solarenergy       0.585455  0.384929  0.515428      0.508732      0.391316   0.496078  0.276841 -0.386959 -0.232806   -0.391452    -0.226851   NaN        NaN -0.080560   0.026714 -0.037577               NaN   -0.563836    0.273591        0.999856     1.000000  0.959669    0.441614   0.006793
uvindex           0.539212  0.347347  0.468770      0.460292      0.344817   0.441294  0.247479 -0.360166 -0.225078   -0.367460    -0.239384   NaN        NaN -0.070622   0.017198 -0.034860               NaN   -0.548790    0.235662        0.959820     0.959669  1.000000    0.402333   0.007309
severerisk        0.584907  0.523265  0.571342      0.690465      0.536114   0.662795  0.546240  0.149310 -0.062493    0.139544     0.002628   NaN        NaN -0.004087   0.135242  0.061615               NaN   -0.183269    0.217302        0.441818     0.441614  0.402333    1.000000  -0.046459
moonphase        -0.000565  0.003113  0.001291      0.002425      0.003623   0.003322 -0.001673 -0.005558 -0.010293   -0.002945    -0.000325   NaN        NaN -0.021097  -0.003062  0.005055               NaN    0.000335   -0.011054        0.006946     0.006793  0.007309   -0.046459   1.000000